4.400000
0.104433 2.56124 1.16688
1.89221 2.92776 1.3621
1.40263 2.42841 3.22471
0.537067 1.61203 0.039833
1.12324 0.174478 2.48029
2.23556 0.340048 2.80732
0.050638 2.52016 0.111155
3.34366 0.888513 0.559586
1.83636 2.02052 1.81797
0.4824 0.590059 0.403767
2.04364 2.96765 2.44957
1.06007 1.04212 3.39221
3.19079 3.16066 0.573006
1.01015 3.3216 2.41769
2.73315 2.06053 3.34751
1.06951 2.22712 0.966559
3.14035 1.10562 3.2403
1.08637 3.20426 0.684298
1.63185 0.976865 1.7995
0.402393 2.1512 3.09837
2.87449 2.64271 1.81509
0.112203 0.543204 2.99802
2.90416 0.184579 1.15741
0.695879 2.37707 1.97369
0.824991 0.37491 1.40692
1.47903 1.20087 0.467351
1.87773 1.47399 2.88565
1.94689 0.218493 0.778154
2.61168 2.25142 0.833351
3.17197 3.08296 2.77609
0.615685 1.27004 2.3589