13.2
0.104433 2.56124 1.16688
1.89221 2.92776 1.3621
1.40263 2.42841 3.22471
0.537067 1.61203 0.039833
1.12324 0.174478 2.48029
2.23556 0.340048 2.80732
0.050638 2.52016 0.111155
3.34366 0.888513 0.559586
1.83636 2.02052 1.81797
0.4824 0.590059 0.403767
2.04364 2.96765 2.44957
1.06007 1.04212 3.39221
3.19079 3.16066 0.573006
1.01015 3.3216 2.41769
2.73315 2.06053 3.34751
1.06951 2.22712 0.966559
3.14035 1.10562 3.2403
1.08637 3.20426 0.684298
1.63185 0.976865 1.7995
0.402393 2.1512 3.09837
2.87449 2.64271 1.81509
0.112203 0.543204 2.99802
2.90416 0.184579 1.15741
0.695879 2.37707 1.97369
0.824991 0.37491 1.40692
1.47903 1.20087 0.467351
1.87773 1.47399 2.88565
1.94689 0.218493 0.778154
2.61168 2.25142 0.833351
3.17197 3.08296 2.77609
0.615685 1.27004 2.3589
4.504433000000001 2.56124 1.16688
6.292210000000001 2.92776 1.3621
5.802630000000001 2.42841 3.22471
4.937067000000001 1.61203 0.039833
5.52324 0.174478 2.48029
6.63556 0.340048 2.80732
4.4506380000000005 2.52016 0.111155
7.74366 0.888513 0.559586
6.23636 2.02052 1.81797
4.8824000000000005 0.590059 0.403767
6.44364 2.96765 2.44957
5.46007 1.04212 3.39221
7.59079 3.16066 0.573006
5.410150000000001 3.3216 2.41769
7.1331500000000005 2.06053 3.34751
5.4695100000000005 2.22712 0.966559
7.54035 1.10562 3.2403
5.486370000000001 3.20426 0.684298
6.03185 0.976865 1.7995
4.802393 2.1512 3.09837
7.27449 2.64271 1.81509
4.512203 0.543204 2.99802
7.30416 0.184579 1.15741
5.095879 2.37707 1.97369
5.224991 0.37491 1.40692
5.87903 1.20087 0.467351
6.27773 1.47399 2.88565
6.34689 0.218493 0.778154
7.01168 2.25142 0.833351
7.57197 3.08296 2.77609
5.015685 1.27004 2.3589
8.904433000000001 2.56124 1.16688
10.692210000000001 2.92776 1.3621
10.202630000000001 2.42841 3.22471
9.337067000000001 1.61203 0.039833
9.92324 0.174478 2.48029
11.03556 0.340048 2.80732
8.850638 2.52016 0.111155
12.14366 0.888513 0.559586
10.63636 2.02052 1.81797
9.2824 0.590059 0.403767
10.84364 2.96765 2.44957
9.86007 1.04212 3.39221
11.99079 3.16066 0.573006
9.81015 3.3216 2.41769
11.533150000000001 2.06053 3.34751
9.86951 2.22712 0.966559
11.94035 1.10562 3.2403
9.886370000000001 3.20426 0.684298
10.43185 0.976865 1.7995
9.202393 2.1512 3.09837
11.67449 2.64271 1.81509
8.912203 0.543204 2.99802
11.704160000000002 0.184579 1.15741
9.495879 2.37707 1.97369
9.624991000000001 0.37491 1.40692
10.27903 1.20087 0.467351
10.67773 1.47399 2.88565
10.74689 0.218493 0.778154
11.41168 2.25142 0.833351
11.97197 3.08296 2.77609
9.415685 1.27004 2.3589
0.104433 6.96124 1.16688
1.89221 7.3277600000000005 1.3621
1.40263 6.82841 3.22471
0.537067 6.01203 0.039833
1.12324 4.574478 2.48029
2.23556 4.740048000000001 2.80732
0.050638 6.920160000000001 0.111155
3.34366 5.288513 0.559586
1.83636 6.42052 1.81797
0.4824 4.9900590000000005 0.403767
2.04364 7.36765 2.44957
1.06007 5.44212 3.39221
3.19079 7.56066 0.573006
1.01015 7.7216000000000005 2.41769
2.73315 6.46053 3.34751
1.06951 6.627120000000001 0.966559
3.14035 5.50562 3.2403
1.08637 7.60426 0.684298
1.63185 5.3768650000000004 1.7995
0.402393 6.5512 3.09837
2.87449 7.0427100000000005 1.81509
0.112203 4.943204000000001 2.99802
2.90416 4.584579000000001 1.15741
0.695879 6.77707 1.97369
0.824991 4.77491 1.40692
1.47903 5.6008700000000005 0.467351
1.87773 5.87399 2.88565
1.94689 4.618493 0.778154
2.61168 6.65142 0.833351
3.17197 7.48296 2.77609
0.615685 5.67004 2.3589
4.504433000000001 6.96124 1.16688
6.292210000000001 7.3277600000000005 1.3621
5.802630000000001 6.82841 3.22471
4.937067000000001 6.01203 0.039833
5.52324 4.574478 2.48029
6.63556 4.740048000000001 2.80732
4.4506380000000005 6.920160000000001 0.111155
7.74366 5.288513 0.559586
6.23636 6.42052 1.81797
4.8824000000000005 4.9900590000000005 0.403767
6.44364 7.36765 2.44957
5.46007 5.44212 3.39221
7.59079 7.56066 0.573006
5.410150000000001 7.7216000000000005 2.41769
7.1331500000000005 6.46053 3.34751
5.4695100000000005 6.627120000000001 0.966559
7.54035 5.50562 3.2403
5.486370000000001 7.60426 0.684298
6.03185 5.3768650000000004 1.7995
4.802393 6.5512 3.09837
7.27449 7.0427100000000005 1.81509
4.512203 4.943204000000001 2.99802
7.30416 4.584579000000001 1.15741
5.095879 6.77707 1.97369
5.224991 4.77491 1.40692
5.87903 5.6008700000000005 0.467351
6.27773 5.87399 2.88565
6.34689 4.618493 0.778154
7.01168 6.65142 0.833351
7.57197 7.48296 2.77609
5.015685 5.67004 2.3589
8.904433000000001 6.96124 1.16688
10.692210000000001 7.3277600000000005 1.3621
10.202630000000001 6.82841 3.22471
9.337067000000001 6.01203 0.039833
9.92324 4.574478 2.48029
11.03556 4.740048000000001 2.80732
8.850638 6.920160000000001 0.111155
12.14366 5.288513 0.559586
10.63636 6.42052 1.81797
9.2824 4.9900590000000005 0.403767
10.84364 7.36765 2.44957
9.86007 5.44212 3.39221
11.99079 7.56066 0.573006
9.81015 7.7216000000000005 2.41769
11.533150000000001 6.46053 3.34751
9.86951 6.627120000000001 0.966559
11.94035 5.50562 3.2403
9.886370000000001 7.60426 0.684298
10.43185 5.3768650000000004 1.7995
9.202393 6.5512 3.09837
11.67449 7.0427100000000005 1.81509
8.912203 4.943204000000001 2.99802
11.704160000000002 4.584579000000001 1.15741
9.495879 6.77707 1.97369
9.624991000000001 4.77491 1.40692
10.27903 5.6008700000000005 0.467351
10.67773 5.87399 2.88565
10.74689 4.618493 0.778154
11.41168 6.65142 0.833351
11.97197 7.48296 2.77609
9.415685 5.67004 2.3589
0.104433 11.36124 1.16688
1.89221 11.72776 1.3621
1.40263 11.22841 3.22471
0.537067 10.412030000000001 0.039833
1.12324 8.974478000000001 2.48029
2.23556 9.140048 2.80732
0.050638 11.320160000000001 0.111155
3.34366 9.688513 0.559586
1.83636 10.82052 1.81797
0.4824 9.390059 0.403767
2.04364 11.76765 2.44957
1.06007 9.842120000000001 3.39221
3.19079 11.96066 0.573006
1.01015 12.1216 2.41769
2.73315 10.86053 3.34751
1.06951 11.02712 0.966559
3.14035 9.90562 3.2403
1.08637 12.00426 0.684298
1.63185 9.776865 1.7995
0.402393 10.9512 3.09837
2.87449 11.442710000000002 1.81509
0.112203 9.343204 2.99802
2.90416 8.984579 1.15741
0.695879 11.17707 1.97369
0.824991 9.17491 1.40692
1.47903 10.00087 0.467351
1.87773 10.273990000000001 2.88565
1.94689 9.018493000000001 0.778154
2.61168 11.05142 0.833351
3.17197 11.88296 2.77609
0.615685 10.07004 2.3589
4.504433000000001 11.36124 1.16688
6.292210000000001 11.72776 1.3621
5.802630000000001 11.22841 3.22471
4.937067000000001 10.412030000000001 0.039833
5.52324 8.974478000000001 2.48029
6.63556 9.140048 2.80732
4.4506380000000005 11.320160000000001 0.111155
7.74366 9.688513 0.559586
6.23636 10.82052 1.81797
4.8824000000000005 9.390059 0.403767
6.44364 11.76765 2.44957
5.46007 9.842120000000001 3.39221
7.59079 11.96066 0.573006
5.410150000000001 12.1216 2.41769
7.1331500000000005 10.86053 3.34751
5.4695100000000005 11.02712 0.966559
7.54035 9.90562 3.2403
5.486370000000001 12.00426 0.684298
6.03185 9.776865 1.7995
4.802393 10.9512 3.09837
7.27449 11.442710000000002 1.81509
4.512203 9.343204 2.99802
7.30416 8.984579 1.15741
5.095879 11.17707 1.97369
5.224991 9.17491 1.40692
5.87903 10.00087 0.467351
6.27773 10.273990000000001 2.88565
6.34689 9.018493000000001 0.778154
7.01168 11.05142 0.833351
7.57197 11.88296 2.77609
5.015685 10.07004 2.3589
8.904433000000001 11.36124 1.16688
10.692210000000001 11.72776 1.3621
10.202630000000001 11.22841 3.22471
9.337067000000001 10.412030000000001 0.039833
9.92324 8.974478000000001 2.48029
11.03556 9.140048 2.80732
8.850638 11.320160000000001 0.111155
12.14366 9.688513 0.559586
10.63636 10.82052 1.81797
9.2824 9.390059 0.403767
10.84364 11.76765 2.44957
9.86007 9.842120000000001 3.39221
11.99079 11.96066 0.573006
9.81015 12.1216 2.41769
11.533150000000001 10.86053 3.34751
9.86951 11.02712 0.966559
11.94035 9.90562 3.2403
9.886370000000001 12.00426 0.684298
10.43185 9.776865 1.7995
9.202393 10.9512 3.09837
11.67449 11.442710000000002 1.81509
8.912203 9.343204 2.99802
11.704160000000002 8.984579 1.15741
9.495879 11.17707 1.97369
9.624991000000001 9.17491 1.40692
10.27903 10.00087 0.467351
10.67773 10.273990000000001 2.88565
10.74689 9.018493000000001 0.778154
11.41168 11.05142 0.833351
11.97197 11.88296 2.77609
9.415685 10.07004 2.3589
0.104433 2.56124 5.56688
1.89221 2.92776 5.7621
1.40263 2.42841 7.62471
0.537067 1.61203 4.439833
1.12324 0.174478 6.8802900000000005
2.23556 0.340048 7.20732
0.050638 2.52016 4.5111550000000005
3.34366 0.888513 4.959586000000001
1.83636 2.02052 6.21797
0.4824 0.590059 4.803767000000001
2.04364 2.96765 6.84957
1.06007 1.04212 7.792210000000001
3.19079 3.16066 4.973006000000001
1.01015 3.3216 6.817690000000001
2.73315 2.06053 7.74751
1.06951 2.22712 5.3665590000000005
3.14035 1.10562 7.6403
1.08637 3.20426 5.084298
1.63185 0.976865 6.1995000000000005
0.402393 2.1512 7.49837
2.87449 2.64271 6.21509
0.112203 0.543204 7.398020000000001
2.90416 0.184579 5.557410000000001
0.695879 2.37707 6.37369
0.824991 0.37491 5.80692
1.47903 1.20087 4.867351
1.87773 1.47399 7.28565
1.94689 0.218493 5.178154
2.61168 2.25142 5.233351000000001
3.17197 3.08296 7.17609
0.615685 1.27004 6.758900000000001
4.504433000000001 2.56124 5.56688
6.292210000000001 2.92776 5.7621
5.802630000000001 2.42841 7.62471
4.937067000000001 1.61203 4.439833
5.52324 0.174478 6.8802900000000005
6.63556 0.340048 7.20732
4.4506380000000005 2.52016 4.5111550000000005
7.74366 0.888513 4.959586000000001
6.23636 2.02052 6.21797
4.8824000000000005 0.590059 4.803767000000001
6.44364 2.96765 6.84957
5.46007 1.04212 7.792210000000001
7.59079 3.16066 4.973006000000001
5.410150000000001 3.3216 6.817690000000001
7.1331500000000005 2.06053 7.74751
5.4695100000000005 2.22712 5.3665590000000005
7.54035 1.10562 7.6403
5.486370000000001 3.20426 5.084298
6.03185 0.976865 6.1995000000000005
4.802393 2.1512 7.49837
7.27449 2.64271 6.21509
4.512203 0.543204 7.398020000000001
7.30416 0.184579 5.557410000000001
5.095879 2.37707 6.37369
5.224991 0.37491 5.80692
5.87903 1.20087 4.867351
6.27773 1.47399 7.28565
6.34689 0.218493 5.178154
7.01168 2.25142 5.233351000000001
7.57197 3.08296 7.17609
5.015685 1.27004 6.758900000000001
8.904433000000001 2.56124 5.56688
10.692210000000001 2.92776 5.7621
10.202630000000001 2.42841 7.62471
9.337067000000001 1.61203 4.439833
9.92324 0.174478 6.8802900000000005
11.03556 0.340048 7.20732
8.850638 2.52016 4.5111550000000005
12.14366 0.888513 4.959586000000001
10.63636 2.02052 6.21797
9.2824 0.590059 4.803767000000001
10.84364 2.96765 6.84957
9.86007 1.04212 7.792210000000001
11.99079 3.16066 4.973006000000001
9.81015 3.3216 6.817690000000001
11.533150000000001 2.06053 7.74751
9.86951 2.22712 5.3665590000000005
11.94035 1.10562 7.6403
9.886370000000001 3.20426 5.084298
10.43185 0.976865 6.1995000000000005
9.202393 2.1512 7.49837
11.67449 2.64271 6.21509
8.912203 0.543204 7.398020000000001
11.704160000000002 0.184579 5.557410000000001
9.495879 2.37707 6.37369
9.624991000000001 0.37491 5.80692
10.27903 1.20087 4.867351
10.67773 1.47399 7.28565
10.74689 0.218493 5.178154
11.41168 2.25142 5.233351000000001
11.97197 3.08296 7.17609
9.415685 1.27004 6.758900000000001
0.104433 6.96124 5.56688
1.89221 7.3277600000000005 5.7621
1.40263 6.82841 7.62471
0.537067 6.01203 4.439833
1.12324 4.574478 6.8802900000000005
2.23556 4.740048000000001 7.20732
0.050638 6.920160000000001 4.5111550000000005
3.34366 5.288513 4.959586000000001
1.83636 6.42052 6.21797
0.4824 4.9900590000000005 4.803767000000001
2.04364 7.36765 6.84957
1.06007 5.44212 7.792210000000001
3.19079 7.56066 4.973006000000001
1.01015 7.7216000000000005 6.817690000000001
2.73315 6.46053 7.74751
1.06951 6.627120000000001 5.3665590000000005
3.14035 5.50562 7.6403
1.08637 7.60426 5.084298
1.63185 5.3768650000000004 6.1995000000000005
0.402393 6.5512 7.49837
2.87449 7.0427100000000005 6.21509
0.112203 4.943204000000001 7.398020000000001
2.90416 4.584579000000001 5.557410000000001
0.695879 6.77707 6.37369
0.824991 4.77491 5.80692
1.47903 5.6008700000000005 4.867351
1.87773 5.87399 7.28565
1.94689 4.618493 5.178154
2.61168 6.65142 5.233351000000001
3.17197 7.48296 7.17609
0.615685 5.67004 6.758900000000001
4.504433000000001 6.96124 5.56688
6.292210000000001 7.3277600000000005 5.7621
5.802630000000001 6.82841 7.62471
4.937067000000001 6.01203 4.439833
5.52324 4.574478 6.8802900000000005
6.63556 4.740048000000001 7.20732
4.4506380000000005 6.920160000000001 4.5111550000000005
7.74366 5.288513 4.959586000000001
6.23636 6.42052 6.21797
4.8824000000000005 4.9900590000000005 4.803767000000001
6.44364 7.36765 6.84957
5.46007 5.44212 7.792210000000001
7.59079 7.56066 4.973006000000001
5.410150000000001 7.7216000000000005 6.817690000000001
7.1331500000000005 6.46053 7.74751
5.4695100000000005 6.627120000000001 5.3665590000000005
7.54035 5.50562 7.6403
5.486370000000001 7.60426 5.084298
6.03185 5.3768650000000004 6.1995000000000005
4.802393 6.5512 7.49837
7.27449 7.0427100000000005 6.21509
4.512203 4.943204000000001 7.398020000000001
7.30416 4.584579000000001 5.557410000000001
5.095879 6.77707 6.37369
5.224991 4.77491 5.80692
5.87903 5.6008700000000005 4.867351
6.27773 5.87399 7.28565
6.34689 4.618493 5.178154
7.01168 6.65142 5.233351000000001
7.57197 7.48296 7.17609
5.015685 5.67004 6.758900000000001
8.904433000000001 6.96124 5.56688
10.692210000000001 7.3277600000000005 5.7621
10.202630000000001 6.82841 7.62471
9.337067000000001 6.01203 4.439833
9.92324 4.574478 6.8802900000000005
11.03556 4.740048000000001 7.20732
8.850638 6.920160000000001 4.5111550000000005
12.14366 5.288513 4.959586000000001
10.63636 6.42052 6.21797
9.2824 4.9900590000000005 4.803767000000001
10.84364 7.36765 6.84957
9.86007 5.44212 7.792210000000001
11.99079 7.56066 4.973006000000001
9.81015 7.7216000000000005 6.817690000000001
11.533150000000001 6.46053 7.74751
9.86951 6.627120000000001 5.3665590000000005
11.94035 5.50562 7.6403
9.886370000000001 7.60426 5.084298
10.43185 5.3768650000000004 6.1995000000000005
9.202393 6.5512 7.49837
11.67449 7.0427100000000005 6.21509
8.912203 4.943204000000001 7.398020000000001
11.704160000000002 4.584579000000001 5.557410000000001
9.495879 6.77707 6.37369
9.624991000000001 4.77491 5.80692
10.27903 5.6008700000000005 4.867351
10.67773 5.87399 7.28565
10.74689 4.618493 5.178154
11.41168 6.65142 5.233351000000001
11.97197 7.48296 7.17609
9.415685 5.67004 6.758900000000001
0.104433 11.36124 5.56688
1.89221 11.72776 5.7621
1.40263 11.22841 7.62471
0.537067 10.412030000000001 4.439833
1.12324 8.974478000000001 6.8802900000000005
2.23556 9.140048 7.20732
0.050638 11.320160000000001 4.5111550000000005
3.34366 9.688513 4.959586000000001
1.83636 10.82052 6.21797
0.4824 9.390059 4.803767000000001
2.04364 11.76765 6.84957
1.06007 9.842120000000001 7.792210000000001
3.19079 11.96066 4.973006000000001
1.01015 12.1216 6.817690000000001
2.73315 10.86053 7.74751
1.06951 11.02712 5.3665590000000005
3.14035 9.90562 7.6403
1.08637 12.00426 5.084298
1.63185 9.776865 6.1995000000000005
0.402393 10.9512 7.49837
2.87449 11.442710000000002 6.21509
0.112203 9.343204 7.398020000000001
2.90416 8.984579 5.557410000000001
0.695879 11.17707 6.37369
0.824991 9.17491 5.80692
1.47903 10.00087 4.867351
1.87773 10.273990000000001 7.28565
1.94689 9.018493000000001 5.178154
2.61168 11.05142 5.233351000000001
3.17197 11.88296 7.17609
0.615685 10.07004 6.758900000000001
4.504433000000001 11.36124 5.56688
6.292210000000001 11.72776 5.7621
5.802630000000001 11.22841 7.62471
4.937067000000001 10.412030000000001 4.439833
5.52324 8.974478000000001 6.8802900000000005
6.63556 9.140048 7.20732
4.4506380000000005 11.320160000000001 4.5111550000000005
7.74366 9.688513 4.959586000000001
6.23636 10.82052 6.21797
4.8824000000000005 9.390059 4.803767000000001
6.44364 11.76765 6.84957
5.46007 9.842120000000001 7.792210000000001
7.59079 11.96066 4.973006000000001
5.410150000000001 12.1216 6.817690000000001
7.1331500000000005 10.86053 7.74751
5.4695100000000005 11.02712 5.3665590000000005
7.54035 9.90562 7.6403
5.486370000000001 12.00426 5.084298
6.03185 9.776865 6.1995000000000005
4.802393 10.9512 7.49837
7.27449 11.442710000000002 6.21509
4.512203 9.343204 7.398020000000001
7.30416 8.984579 5.557410000000001
5.095879 11.17707 6.37369
5.224991 9.17491 5.80692
5.87903 10.00087 4.867351
6.27773 10.273990000000001 7.28565
6.34689 9.018493000000001 5.178154
7.01168 11.05142 5.233351000000001
7.57197 11.88296 7.17609
5.015685 10.07004 6.758900000000001
8.904433000000001 11.36124 5.56688
10.692210000000001 11.72776 5.7621
10.202630000000001 11.22841 7.62471
9.337067000000001 10.412030000000001 4.439833
9.92324 8.974478000000001 6.8802900000000005
11.03556 9.140048 7.20732
8.850638 11.320160000000001 4.5111550000000005
12.14366 9.688513 4.959586000000001
10.63636 10.82052 6.21797
9.2824 9.390059 4.803767000000001
10.84364 11.76765 6.84957
9.86007 9.842120000000001 7.792210000000001
11.99079 11.96066 4.973006000000001
9.81015 12.1216 6.817690000000001
11.533150000000001 10.86053 7.74751
9.86951 11.02712 5.3665590000000005
11.94035 9.90562 7.6403
9.886370000000001 12.00426 5.084298
10.43185 9.776865 6.1995000000000005
9.202393 10.9512 7.49837
11.67449 11.442710000000002 6.21509
8.912203 9.343204 7.398020000000001
11.704160000000002 8.984579 5.557410000000001
9.495879 11.17707 6.37369
9.624991000000001 9.17491 5.80692
10.27903 10.00087 4.867351
10.67773 10.273990000000001 7.28565
10.74689 9.018493000000001 5.178154
11.41168 11.05142 5.233351000000001
11.97197 11.88296 7.17609
9.415685 10.07004 6.758900000000001
0.104433 2.56124 9.96688
1.89221 2.92776 10.1621
1.40263 2.42841 12.02471
0.537067 1.61203 8.839833
1.12324 0.174478 11.28029
2.23556 0.340048 11.607320000000001
0.050638 2.52016 8.911155
3.34366 0.888513 9.359586
1.83636 2.02052 10.617970000000001
0.4824 0.590059 9.203767000000001
2.04364 2.96765 11.24957
1.06007 1.04212 12.192210000000001
3.19079 3.16066 9.373006
1.01015 3.3216 11.217690000000001
2.73315 2.06053 12.14751
1.06951 2.22712 9.766559
3.14035 1.10562 12.0403
1.08637 3.20426 9.484298
1.63185 0.976865 10.5995
0.402393 2.1512 11.89837
2.87449 2.64271 10.61509
0.112203 0.543204 11.798020000000001
2.90416 0.184579 9.957410000000001
0.695879 2.37707 10.77369
0.824991 0.37491 10.20692
1.47903 1.20087 9.267351000000001
1.87773 1.47399 11.68565
1.94689 0.218493 9.578154000000001
2.61168 2.25142 9.633351000000001
3.17197 3.08296 11.57609
0.615685 1.27004 11.158900000000001
4.504433000000001 2.56124 9.96688
6.292210000000001 2.92776 10.1621
5.802630000000001 2.42841 12.02471
4.937067000000001 1.61203 8.839833
5.52324 0.174478 11.28029
6.63556 0.340048 11.607320000000001
4.4506380000000005 2.52016 8.911155
7.74366 0.888513 9.359586
6.23636 2.02052 10.617970000000001
4.8824000000000005 0.590059 9.203767000000001
6.44364 2.96765 11.24957
5.46007 1.04212 12.192210000000001
7.59079 3.16066 9.373006
5.410150000000001 3.3216 11.217690000000001
7.1331500000000005 2.06053 12.14751
5.4695100000000005 2.22712 9.766559
7.54035 1.10562 12.0403
5.486370000000001 3.20426 9.484298
6.03185 0.976865 10.5995
4.802393 2.1512 11.89837
7.27449 2.64271 10.61509
4.512203 0.543204 11.798020000000001
7.30416 0.184579 9.957410000000001
5.095879 2.37707 10.77369
5.224991 0.37491 10.20692
5.87903 1.20087 9.267351000000001
6.27773 1.47399 11.68565
6.34689 0.218493 9.578154000000001
7.01168 2.25142 9.633351000000001
7.57197 3.08296 11.57609
5.015685 1.27004 11.158900000000001
8.904433000000001 2.56124 9.96688
10.692210000000001 2.92776 10.1621
10.202630000000001 2.42841 12.02471
9.337067000000001 1.61203 8.839833
9.92324 0.174478 11.28029
11.03556 0.340048 11.607320000000001
8.850638 2.52016 8.911155
12.14366 0.888513 9.359586
10.63636 2.02052 10.617970000000001
9.2824 0.590059 9.203767000000001
10.84364 2.96765 11.24957
9.86007 1.04212 12.192210000000001
11.99079 3.16066 9.373006
9.81015 3.3216 11.217690000000001
11.533150000000001 2.06053 12.14751
9.86951 2.22712 9.766559
11.94035 1.10562 12.0403
9.886370000000001 3.20426 9.484298
10.43185 0.976865 10.5995
9.202393 2.1512 11.89837
11.67449 2.64271 10.61509
8.912203 0.543204 11.798020000000001
11.704160000000002 0.184579 9.957410000000001
9.495879 2.37707 10.77369
9.624991000000001 0.37491 10.20692
10.27903 1.20087 9.267351000000001
10.67773 1.47399 11.68565
10.74689 0.218493 9.578154000000001
11.41168 2.25142 9.633351000000001
11.97197 3.08296 11.57609
9.415685 1.27004 11.158900000000001
0.104433 6.96124 9.96688
1.89221 7.3277600000000005 10.1621
1.40263 6.82841 12.02471
0.537067 6.01203 8.839833
1.12324 4.574478 11.28029
2.23556 4.740048000000001 11.607320000000001
0.050638 6.920160000000001 8.911155
3.34366 5.288513 9.359586
1.83636 6.42052 10.617970000000001
0.4824 4.9900590000000005 9.203767000000001
2.04364 7.36765 11.24957
1.06007 5.44212 12.192210000000001
3.19079 7.56066 9.373006
1.01015 7.7216000000000005 11.217690000000001
2.73315 6.46053 12.14751
1.06951 6.627120000000001 9.766559
3.14035 5.50562 12.0403
1.08637 7.60426 9.484298
1.63185 5.3768650000000004 10.5995
0.402393 6.5512 11.89837
2.87449 7.0427100000000005 10.61509
0.112203 4.943204000000001 11.798020000000001
2.90416 4.584579000000001 9.957410000000001
0.695879 6.77707 10.77369
0.824991 4.77491 10.20692
1.47903 5.6008700000000005 9.267351000000001
1.87773 5.87399 11.68565
1.94689 4.618493 9.578154000000001
2.61168 6.65142 9.633351000000001
3.17197 7.48296 11.57609
0.615685 5.67004 11.158900000000001
4.504433000000001 6.96124 9.96688
6.292210000000001 7.3277600000000005 10.1621
5.802630000000001 6.82841 12.02471
4.937067000000001 6.01203 8.839833
5.52324 4.574478 11.28029
6.63556 4.740048000000001 11.607320000000001
4.4506380000000005 6.920160000000001 8.911155
7.74366 5.288513 9.359586
6.23636 6.42052 10.617970000000001
4.8824000000000005 4.9900590000000005 9.203767000000001
6.44364 7.36765 11.24957
5.46007 5.44212 12.192210000000001
7.59079 7.56066 9.373006
5.410150000000001 7.7216000000000005 11.217690000000001
7.1331500000000005 6.46053 12.14751
5.4695100000000005 6.627120000000001 9.766559
7.54035 5.50562 12.0403
5.486370000000001 7.60426 9.484298
6.03185 5.3768650000000004 10.5995
4.802393 6.5512 11.89837
7.27449 7.0427100000000005 10.61509
4.512203 4.943204000000001 11.798020000000001
7.30416 4.584579000000001 9.957410000000001
5.095879 6.77707 10.77369
5.224991 4.77491 10.20692
5.87903 5.6008700000000005 9.267351000000001
6.27773 5.87399 11.68565
6.34689 4.618493 9.578154000000001
7.01168 6.65142 9.633351000000001
7.57197 7.48296 11.57609
5.015685 5.67004 11.158900000000001
8.904433000000001 6.96124 9.96688
10.692210000000001 7.3277600000000005 10.1621
10.202630000000001 6.82841 12.02471
9.337067000000001 6.01203 8.839833
9.92324 4.574478 11.28029
11.03556 4.740048000000001 11.607320000000001
8.850638 6.920160000000001 8.911155
12.14366 5.288513 9.359586
10.63636 6.42052 10.617970000000001
9.2824 4.9900590000000005 9.203767000000001
10.84364 7.36765 11.24957
9.86007 5.44212 12.192210000000001
11.99079 7.56066 9.373006
9.81015 7.7216000000000005 11.217690000000001
11.533150000000001 6.46053 12.14751
9.86951 6.627120000000001 9.766559
11.94035 5.50562 12.0403
9.886370000000001 7.60426 9.484298
10.43185 5.3768650000000004 10.5995
9.202393 6.5512 11.89837
11.67449 7.0427100000000005 10.61509
8.912203 4.943204000000001 11.798020000000001
11.704160000000002 4.584579000000001 9.957410000000001
9.495879 6.77707 10.77369
9.624991000000001 4.77491 10.20692
10.27903 5.6008700000000005 9.267351000000001
10.67773 5.87399 11.68565
10.74689 4.618493 9.578154000000001
11.41168 6.65142 9.633351000000001
11.97197 7.48296 11.57609
9.415685 5.67004 11.158900000000001
0.104433 11.36124 9.96688
1.89221 11.72776 10.1621
1.40263 11.22841 12.02471
0.537067 10.412030000000001 8.839833
1.12324 8.974478000000001 11.28029
2.23556 9.140048 11.607320000000001
0.050638 11.320160000000001 8.911155
3.34366 9.688513 9.359586
1.83636 10.82052 10.617970000000001
0.4824 9.390059 9.203767000000001
2.04364 11.76765 11.24957
1.06007 9.842120000000001 12.192210000000001
3.19079 11.96066 9.373006
1.01015 12.1216 11.217690000000001
2.73315 10.86053 12.14751
1.06951 11.02712 9.766559
3.14035 9.90562 12.0403
1.08637 12.00426 9.484298
1.63185 9.776865 10.5995
0.402393 10.9512 11.89837
2.87449 11.442710000000002 10.61509
0.112203 9.343204 11.798020000000001
2.90416 8.984579 9.957410000000001
0.695879 11.17707 10.77369
0.824991 9.17491 10.20692
1.47903 10.00087 9.267351000000001
1.87773 10.273990000000001 11.68565
1.94689 9.018493000000001 9.578154000000001
2.61168 11.05142 9.633351000000001
3.17197 11.88296 11.57609
0.615685 10.07004 11.158900000000001
4.504433000000001 11.36124 9.96688
6.292210000000001 11.72776 10.1621
5.802630000000001 11.22841 12.02471
4.937067000000001 10.412030000000001 8.839833
5.52324 8.974478000000001 11.28029
6.63556 9.140048 11.607320000000001
4.4506380000000005 11.320160000000001 8.911155
7.74366 9.688513 9.359586
6.23636 10.82052 10.617970000000001
4.8824000000000005 9.390059 9.203767000000001
6.44364 11.76765 11.24957
5.46007 9.842120000000001 12.192210000000001
7.59079 11.96066 9.373006
5.410150000000001 12.1216 11.217690000000001
7.1331500000000005 10.86053 12.14751
5.4695100000000005 11.02712 9.766559
7.54035 9.90562 12.0403
5.486370000000001 12.00426 9.484298
6.03185 9.776865 10.5995
4.802393 10.9512 11.89837
7.27449 11.442710000000002 10.61509
4.512203 9.343204 11.798020000000001
7.30416 8.984579 9.957410000000001
5.095879 11.17707 10.77369
5.224991 9.17491 10.20692
5.87903 10.00087 9.267351000000001
6.27773 10.273990000000001 11.68565
6.34689 9.018493000000001 9.578154000000001
7.01168 11.05142 9.633351000000001
7.57197 11.88296 11.57609
5.015685 10.07004 11.158900000000001
8.904433000000001 11.36124 9.96688
10.692210000000001 11.72776 10.1621
10.202630000000001 11.22841 12.02471
9.337067000000001 10.412030000000001 8.839833
9.92324 8.974478000000001 11.28029
11.03556 9.140048 11.607320000000001
8.850638 11.320160000000001 8.911155
12.14366 9.688513 9.359586
10.63636 10.82052 10.617970000000001
9.2824 9.390059 9.203767000000001
10.84364 11.76765 11.24957
9.86007 9.842120000000001 12.192210000000001
11.99079 11.96066 9.373006
9.81015 12.1216 11.217690000000001
11.533150000000001 10.86053 12.14751
9.86951 11.02712 9.766559
11.94035 9.90562 12.0403
9.886370000000001 12.00426 9.484298
10.43185 9.776865 10.5995
9.202393 10.9512 11.89837
11.67449 11.442710000000002 10.61509
8.912203 9.343204 11.798020000000001
11.704160000000002 8.984579 9.957410000000001
9.495879 11.17707 10.77369
9.624991000000001 9.17491 10.20692
10.27903 10.00087 9.267351000000001
10.67773 10.273990000000001 11.68565
10.74689 9.018493000000001 9.578154000000001
11.41168 11.05142 9.633351000000001
11.97197 11.88296 11.57609
9.415685 10.07004 11.158900000000001