10.200000
7.890916 5.381186 6.258417
5.353051 3.702559 8.008513
1.257592 3.058630 6.566473
0.781017 3.277759 7.851388
3.806470 1.869199 2.890859
3.081806 0.828019 3.376480
6.496530 9.386981 0.487343
2.218917 1.937779 1.756538
9.617039 4.551538 9.766601
3.847644 2.625912 10.025595
3.618319 1.450981 4.093528
4.098332 9.722551 9.827554
10.006083 10.101442 6.012215
9.403139 9.093465 2.813128
5.445426 8.151655 0.867053
4.411536 3.434326 5.899910
9.705960 9.335446 8.370634
6.005845 1.509052 6.249523
6.216216 9.032606 7.022640
8.024561 7.504171 0.414390
9.256059 7.844475 3.133364
5.674397 1.797933 6.921668
0.443485 2.588052 0.138726
6.295762 6.306604 5.843217
4.832813 9.769846 3.349154
0.293193 6.191616 8.643584
9.296786 3.864290 5.145421
8.037696 5.337786 9.345908
2.784981 5.469556 1.884654
5.849757 5.735915 0.452520
8.240032 7.456338 9.128433
6.233364 4.116848 4.640152
7.622610 7.194679 1.357462
0.426203 4.894435 4.274003
2.809136 6.043358 0.803991
4.357540 9.812069 0.415622
1.887515 7.894796 6.086821
0.117805 6.387612 2.556531
2.589145 0.876592 0.472400
8.133817 3.036685 7.100148
7.526480 7.301963 3.243018
8.893820 5.444292 8.370257
8.059513 6.142106 4.006630
2.127682 7.048390 0.397657
3.311830 9.394965 3.468941
9.153152 2.511846 8.761558
5.215131 7.740334 9.755391
3.784688 8.490244 3.396108
1.097413 2.544239 6.913239
2.096314 3.412788 8.622731
9.617940 5.650873 1.197596
6.794355 2.149376 1.068229
7.396630 9.393268 6.813235
5.941527 1.444674 4.712596
2.885536 2.420073 7.175938
9.363763 6.814382 4.675365
7.552981 5.299342 0.205393
9.559405 8.539592 8.234047
7.755424 3.760432 6.904215
1.949760 3.255115 1.764762
1.732022 3.981106 3.800187
0.052951 3.922922 7.902887
1.977378 3.317973 9.101442
3.505852 4.125788 5.614598
9.265598 4.546702 6.326943
6.007112 5.212243 0.680446
6.517515 4.397488 5.067651
8.803754 6.406834 9.868078
9.312811 9.181324 3.842804
9.239820 4.628989 0.542027
6.660588 5.296186 2.180363
5.714602 0.297389 5.064895
0.430895 2.568274 4.976368
4.544156 7.262060 0.835989
8.163446 2.312591 4.983050
2.868684 7.797089 9.046837
0.531888 3.210254 10.049098
3.875935 5.239484 4.809530
8.044634 3.113299 2.147202
8.612174 6.692269 1.107878
6.357399 8.364454 3.840216
9.503452 2.573062 8.131933
2.096595 0.180179 9.363729
7.385421 5.142419 6.202532
7.760998 6.127610 4.303922
8.796532 0.458135 9.424980
3.748725 9.178254 6.038077
6.917659 5.043327 7.967827
2.434737 4.268257 1.765502
2.386078 4.407030 6.809924
3.275022 5.825404 2.143739
3.222356 4.136293 9.728620
0.249778 10.159273 9.257110
0.192350 0.659534 4.008238
1.121699 9.740205 4.979982
0.924077 5.013080 7.550695
0.457944 8.883492 3.809670
8.643923 0.984603 0.282141
6.338897 3.881659 6.811406
6.527725 9.982733 0.418169
7.478945 2.142391 9.403458
8.865968 9.967300 7.249709
2.539582 5.006761 7.904732
7.435799 5.255565 10.038176
9.162647 9.223833 7.519789
0.761913 2.129197 6.400697
2.458621 6.522123 1.978202
3.878667 2.688885 7.157665
6.436729 4.483329 8.091085
7.096431 7.575531 6.763817
2.791744 2.217519 3.024467
6.262739 9.452171 9.467546
5.215626 4.396799 6.125167
6.726357 6.807695 0.788248
3.180045 0.202955 4.403806
3.852163 4.000881 7.538000
5.739275 0.266930 6.373071
3.664797 5.912634 5.744037
9.350678 2.199152 4.630498
4.881063 2.975598 2.158497
0.034139 5.961368 9.236920
7.273112 3.543292 8.465265
4.374998 9.838328 5.722429
4.018531 8.309567 3.840378
2.086946 5.673748 9.840116
8.721714 3.269055 5.888182
0.213379 1.187520 5.275217
2.303084 9.812560 8.727670
9.688234 9.343950 1.201345
4.203491 6.378658 0.518572
0.863247 5.038883 1.179021
0.119741 8.994160 6.991529
8.374974 7.438968 7.705278
9.616584 9.904526 1.828465
0.159923 5.974754 7.665987
5.467485 1.506351 1.476460
5.315399 7.705165 7.582385
0.792576 3.934475 9.833170
2.784634 5.242090 5.828392
5.805389 8.486506 0.515905
1.162979 4.192319 9.654509
7.440292 5.082233 6.612330
7.133182 8.715094 5.674822
2.912078 0.733668 8.735208
3.204301 8.142579 5.462989
3.005058 10.065615 9.914395
8.597961 8.690748 3.692219
0.103095 2.971139 6.591747
4.581884 5.479461 4.629093
8.447956 7.276623 0.270545
8.098203 5.756733 9.950971
9.974355 7.058979 1.327777
9.757229 1.048862 3.554847
6.053885 0.768742 3.989081
8.789410 2.619177 2.148198
5.024979 1.845813 3.407266
5.179828 1.967493 0.872819
1.288771 0.263481 5.304201
0.816806 1.686786 8.837900
2.821688 7.902287 2.210077
5.510079 3.688326 3.666858
9.162140 9.198128 8.510661
5.040335 1.540983 4.676816
4.350314 3.354842 5.031603
8.391824 0.194868 0.628615
7.334746 1.568089 6.474254
6.517664 5.309148 4.158825
0.460803 9.501662 4.845465
7.238838 9.254599 4.488188
8.623142 1.330281 5.352349
8.320258 0.601632 7.729185
6.507971 5.470016 4.415374
8.805892 7.625839 0.678519
1.077349 4.227960 3.194299
5.478712 0.459444 0.543395
0.631440 2.269562 2.949362
4.549038 8.527162 2.661172
4.983433 0.263809 9.776284
4.028926 5.409703 2.158681
7.714586 6.685995 1.792156
5.932149 0.876169 9.228654
6.332982 0.213718 6.970355
3.194575 7.115135 0.821627
0.557346 3.543312 0.561815
9.558127 7.613764 0.957417
9.559192 9.199296 3.467845
6.657369 3.139795 8.986405
2.863201 10.096255 5.436348
6.157366 3.457281 4.078365
5.966722 5.010939 6.890651
7.047635 0.622918 0.717895
1.106046 8.698977 9.941672
5.398057 0.501072 1.180910
1.202667 4.361944 3.016461
0.424720 8.075866 5.962577
9.634414 3.313450 6.081066
0.080444 8.707153 6.427806
3.044196 0.822053 7.750709
1.102290 2.461121 6.960237
6.824955 3.268399 8.524013
1.467565 5.303427 8.912464
2.368085 8.174184 3.705260
1.196086 5.321085 4.548749
7.435058 2.708216 8.303338
2.403329 9.977646 2.541652
3.436828 8.863568 8.289290
5.870480 8.705972 2.816304
7.269054 5.675394 0.480241
7.151450 2.166724 9.513948
1.309528 6.115095 7.189348
2.543207 9.459626 3.998932
0.735788 1.004217 8.024854
2.604346 4.650913 5.523277
3.115511 8.796137 3.823364
5.903362 10.133054 3.510792
1.239127 6.099408 0.046695
8.943019 4.006523 1.390810
0.080139 0.075114 7.238916
2.716760 0.553243 10.193387
9.942281 4.075897 3.918783
7.534278 2.681166 2.556802
1.906216 4.305067 0.324276
8.395067 2.299930 1.367892
2.641620 3.968660 3.413481
6.688346 4.519718 3.133791
9.334992 8.658360 9.166139
3.810109 1.197603 2.506724
1.070793 4.654875 6.698135
10.120104 1.851173 8.034585
1.047283 1.044240 1.712153
3.509071 10.089069 4.798370
2.966399 1.882522 6.017500
2.161876 5.552864 4.651046
5.222349 0.171147 7.264080
7.412522 2.829529 6.713395
8.447447 5.724024 0.966095
3.638583 5.677896 6.275483
3.051376 6.049872 3.213672
7.917347 1.511156 7.900241
0.105123 1.469995 4.914970
0.475369 3.075466 1.185681
0.297279 9.233611 6.014315
2.000215 3.504899 8.967250
4.158862 7.268591 0.455695
6.484346 8.283106 3.161112
2.377974 4.608239 0.640965
7.049035 2.367940 1.569235
1.986261 2.565476 1.039682
5.195231 8.263511 9.645931
6.541569 0.122220 6.683247
9.915089 10.060817 4.503149
1.022134 5.930123 7.120795
0.770437 4.413735 6.289884
9.456462 7.710938 9.253152
5.639064 1.214861 3.978951
5.718510 6.065842 8.583593
7.206422 9.052189 2.771577
2.619547 1.034220 2.755818
3.309261 8.833094 0.690913
9.226716 3.947241 5.755180
1.956426 5.860506 2.946786
5.394694 3.878474 1.046020
0.925667 9.369817 0.699409
2.843859 7.960191 0.464017
8.503095 4.285517 9.133723
4.902101 3.945436 6.916734
7.999056 6.174721 8.305058
2.424660 3.589224 7.624654
2.096376 5.297668 5.855604
5.696087 3.383662 8.686920
9.148351 3.337128 3.888746
9.733594 5.209374 5.952325
1.448410 1.428389 9.102515
2.638214 3.966160 7.559165
7.890062 1.683760 9.738203
1.942272 8.162357 5.936342
7.668963 1.670164 1.842862
8.862499 8.880419 2.259247
0.092726 7.349067 2.230710
8.457783 7.932118 3.334623
10.139407 7.111344 0.149606
3.799255 1.069569 0.739414
3.274020 6.712490 8.724114
9.358588 5.600500 4.054806
3.233163 7.827988 9.538672
7.071899 0.131043 7.253077
4.712821 3.345564 7.815823
8.890856 2.277073 3.327867
6.929838 10.178111 7.167716
0.580073 9.085397 1.594754
3.448957 8.130999 8.454863
5.960217 1.152811 3.930232
3.047264 2.330004 6.634367
7.973325 0.448402 2.359783
5.430125 1.824229 10.040300
2.683114 6.891320 6.133482
5.043582 1.104363 2.077450
7.302045 3.693919 5.065996
0.361111 2.624288 2.046307
5.479208 5.621968 10.180274
3.165317 3.753945 3.938258
1.622898 1.465866 4.173990
6.896802 0.234782 4.350628
3.285290 6.542948 7.690152
4.053547 7.720191 3.196710
4.768556 0.785396 3.627854
3.987564 9.080791 8.955439
0.524690 0.241953 4.379431
7.817374 7.485887 9.501792
6.930319 10.170455 8.275433
2.093336 5.878845 5.806997
0.600110 7.871517 0.808300
5.658561 4.668308 8.400806
8.516341 2.610704 4.491015
5.784773 3.117103 6.365926
2.287282 6.963895 3.855852
8.207116 2.734138 6.905307
0.156814 2.848122 8.831382
9.113716 8.075228 7.794706
8.771506 5.009322 8.721765
1.988193 6.841403 0.790867
1.614896 0.516265 4.553074
5.027035 3.185966 2.957489
3.519393 2.016094 10.151284
2.583454 7.768757 4.937345
9.931052 2.846372 7.288901
2.851599 3.440691 7.699432
0.104431 5.613621 6.083961
2.145790 0.306907 4.108167
7.828723 3.345820 4.537850
0.926155 8.984878 5.414112
2.337974 0.555946 8.852666
3.863400 1.464419 5.737919
3.945726 9.968714 1.735039
0.043387 7.586217 6.102434
5.344097 2.804942 2.494348
8.686643 0.022802 3.613343
9.602053 9.029774 6.128210
10.019261 2.017598 9.630481
1.064131 1.562272 8.923306
4.550288 3.235753 1.391548
7.437980 7.942018 9.741585
7.970941 5.439152 9.750389
6.468384 9.984190 7.275057
2.965087 1.076587 5.125037
2.884877 0.171510 3.881728
1.147314 7.093914 8.240483
3.807344 2.980416 9.232836
0.683124 8.153350 4.698866
0.791341 2.589509 6.920641
0.513100 1.662315 5.546918
3.711776 7.890968 6.182522
3.264172 6.640399 9.111933
6.563630 1.841766 1.528426
4.939179 1.324554 2.012586
2.972264 6.324489 8.670170
0.977651 0.650557 1.547997
5.814481 9.539261 9.558785
3.728600 7.242289 1.259796
0.037372 6.170194 6.696549
1.697964 0.551786 1.348990
4.167690 2.353993 5.423120
0.978139 3.838677 5.583999
6.880133 3.300643 0.390813
7.681240 9.158091 10.033470
0.655847 2.362773 7.692573
7.147389 6.248834 7.964002
8.606941 9.093336 7.814869
4.101549 0.990926 3.205833
2.163735 2.407234 1.363710
8.908144 0.303710 2.006581
7.631359 5.394651 1.981650
2.302103 3.823171 8.456267
8.754007 0.190355 1.117717
8.396812 7.155536 9.400266
3.622592 3.757988 0.447278
3.282701 3.063443 9.140237
9.987581 1.749112 1.789734
1.189161 1.516178 6.871874
3.317063 5.928804 2.832716
1.397939 7.364004 2.245197
7.088652 6.833824 7.025239
4.326654 7.409933 8.362489
6.719140 8.440515 6.473725
0.996984 4.153787 10.065740
5.845013 7.909365 0.985521
8.905235 6.427204 5.712487
0.323601 4.936382 9.461241
9.854263 3.440848 1.414354
5.597205 7.342303 5.554704
7.744376 10.168347 9.004943
2.757331 0.552558 5.740558
6.446248 7.503865 0.736050
8.249347 1.387114 0.065167
10.168754 0.296780 8.004209
7.573042 0.486060 6.795252
1.879590 5.815161 3.829925
7.705895 2.777526 1.335579
0.013374 6.059548 7.173710
9.573136 8.959971 9.920615
0.368322 9.012730 0.936955
1.814462 1.806770 8.564127
0.294368 9.129336 9.513464
3.021160 6.928045 6.755722
5.734333 3.722357 9.845130
6.457693 9.545064 7.675906
2.968303 8.379520 6.280871
1.135122 3.053352 9.602884
4.091847 5.754647 0.729692
1.529356 2.420174 1.241017
5.971712 0.394554 1.199554
6.272981 9.970451 6.297700
1.318814 6.164034 5.204669
7.751443 3.256385 8.486934
8.774163 8.792462 7.867577
2.120159 0.670455 7.512421
6.513116 2.609726 4.109925
9.115136 8.032552 1.115438
3.085540 2.391149 0.081422
4.730221 9.742740 9.561920
4.025714 7.760741 3.401309
5.154602 4.553585 2.207264
6.459772 6.041127 7.395160
3.585272 2.365661 8.321046
7.246545 5.184189 9.754891
2.450239 4.963990 9.745279
5.862622 4.804902 8.727486
0.458511 4.263960 2.716193
7.275473 3.476837 2.974993
8.186397 8.653380 6.034930
5.499814 6.191400 8.457926
0.463852 9.779175 5.483835
8.016345 7.929184 1.412706
0.045364 2.588452 9.148275
7.738999 6.899941 1.715502
9.131031 10.178539 3.772404
7.271989 2.842853 4.873639
5.889015 0.766423 5.745088
2.468617 6.567031 7.486729
1.121745 6.635082 6.504775
6.309496 1.925775 6.461344
4.426976 2.290372 3.951043
1.089980 9.712833 7.279159
9.304929 6.677915 8.438221
2.884809 4.575058 8.809880
7.242760 9.733396 4.779377
0.640675 9.749600 5.663359
10.004242 9.643241 8.098329
6.852531 1.112150 3.321921
1.891979 8.517066 4.101136
3.239059 10.146628 1.456163
6.794969 8.228374 4.130587
1.267516 6.396025 3.730440
1.219990 8.052710 8.311184
3.829256 6.745617 1.876780
7.011371 1.376986 8.588744
6.162065 2.615301 8.788224
9.404064 2.588028 9.451684
9.496068 4.238008 2.177927
6.515717 1.657219 6.654895
0.043797 1.475011 7.772179
8.318379 5.365134 3.210941
0.714647 5.600226 6.030016
0.583063 2.451177 8.865718
6.305445 5.606595 0.952427
0.967038 5.982098 9.527507
2.668531 2.542703 1.490991
8.335961 3.397845 3.164186
8.341872 1.872450 3.784074
2.145159 2.994623 0.350510
5.803189 9.735651 3.678635
0.338655 4.774780 9.607210
8.429175 9.613792 10.181044
4.305729 3.393713 8.718731
2.940277 9.059262 7.597006
0.903691 3.445106 0.261023
6.385027 9.598352 7.461490
5.804466 4.908100 4.135602
5.429837 7.686444 3.906768
5.708870 5.360621 2.190346
3.723020 7.940969 6.764388
6.836409 5.090749 0.375520
7.065296 2.534779 0.652023
9.890385 9.504798 7.522442
3.252537 8.979506 9.054385
6.005814 9.388237 9.214781
7.911308 9.918878 3.765888
8.668196 3.381881 4.650244
3.437349 4.915688 9.199040
2.386966 1.785669 6.847632
3.953443 7.512956 2.353766
8.734262 2.726751 8.140830
4.886800 7.390867 8.512455
6.162832 1.256238 8.613656
8.943196 6.536088 7.816232
6.492177 2.867572 1.747602
9.585694 9.543257 0.156100
8.382705 8.551721 9.402184
8.485806 8.050978 3.865707
5.924753 9.926479 3.256788
3.452383 4.471914 8.801033
8.528589 6.554414 10.074158
4.210485 4.898382 1.946394
1.117017 0.340489 2.098528
0.618708 1.534442 1.061029
6.061713 1.864364 9.542889
7.552568 0.905632 8.308077
2.289244 9.341875 8.542340
8.060306 5.776482 0.804531
6.463309 9.012429 1.374998
8.195930 3.407056 1.633726
3.902566 0.269882 7.033367
7.315235 1.676907 6.843308
7.164471 9.251836 2.091905
7.640985 6.386765 7.693418
7.462310 7.731697 0.798395
2.067344 8.083430 5.891050
9.704731 7.893633 6.175183
4.248574 4.702408 7.889078
8.275922 6.539695 1.691311
0.847217 3.871202 10.042271
2.405944 4.786901 6.130976
0.846992 8.357798 6.178612
6.101581 7.765378 2.951258
4.045316 7.900669 4.819575
2.897798 1.073744 2.371293
7.158918 0.824528 0.293952
0.432321 5.282853 2.451075
4.664258 7.554769 2.543835
5.608141 2.144823 2.287692
9.943469 2.870142 3.689532
2.104970 6.751581 6.369320
6.118904 3.996477 8.352822
8.683732 7.014885 5.263707
6.477095 8.338245 7.789787
0.252992 6.522477 5.134663
4.245639 0.727885 1.006993
8.454631 3.593066 7.865598
9.315348 1.831772 6.202179
8.673591 5.959775 8.228815
2.642593 7.162631 5.425368
9.256259 6.001324 10.027659
4.335022 3.418676 1.080614
3.063722 7.522623 8.280017
8.350791 6.373280 2.393986
2.481104 5.749875 5.852725
3.922822 6.430410 9.074470
9.787826 7.500503 7.019403
9.479843 3.614501 2.213351
7.677611 6.514144 4.253009
6.320533 1.070600 1.969489
8.028704 3.742443 7.818396
0.074857 4.778982 3.527657
9.423321 9.124601 5.683627
6.847925 2.008271 3.055495
6.328676 7.640226 3.829971
7.787985 7.892440 4.237973
5.078792 4.244614 1.725528
6.912190 0.377562 0.074980
0.578577 7.861352 0.060059
10.123682 10.166181 6.982862
0.390929 1.017784 8.458989
1.330733 0.959671 7.769168
4.956026 6.864675 0.048506
5.553319 9.787533 2.430359
3.597212 6.586104 6.430666
4.542820 5.773446 7.835914
2.447242 8.255268 7.339998
8.273049 6.136538 7.012196
9.622583 7.906000 1.394406
8.706689 6.368094 8.670300
5.035448 5.823623 0.250426
6.855578 8.270857 3.496495
3.530685 8.185111 8.448474
3.710707 7.540479 4.011428
1.218456 6.524826 3.805802
9.235675 6.885433 2.264937
0.415438 5.022972 4.641483
4.687955 8.001821 6.784036
3.090898 2.339743 2.038677
6.141375 9.178591 0.287157
7.156012 9.578257 8.546865
5.788397 2.668064 4.082232
1.602977 8.199093 4.204004
8.704657 10.159108 8.124335
6.110207 1.798098 5.697755
1.034536 0.557053 0.344660
5.919342 4.819285 1.162926
8.226561 6.904559 0.291962
4.402805 5.309749 9.925248
4.279303 3.195606 9.217567
8.058571 8.110596 0.730790
4.391232 0.628790 3.565382
2.189220 8.780737 8.426917
3.652833 1.217841 9.539218
9.935555 4.326069 6.415347
5.924416 3.129936 3.055168
3.424237 7.960348 5.181789
9.441401 5.207244 1.929383
7.090831 9.129989 2.185996
8.206775 6.610713 2.958119
8.634546 5.261889 3.216273
7.817207 4.089837 1.918224
3.372875 2.423953 7.684848
5.733984 4.425624 5.533706
1.799728 6.946781 3.997335
3.093168 3.819380 1.757464
9.470333 3.148216 5.700393
1.569602 9.682351 1.016827
0.460099 7.247376 7.018070
5.825607 1.095624 2.448071
3.089990 6.018487 7.633367
2.765326 2.829598 5.609169
5.870549 7.694729 10.034997
8.398996 6.714134 7.592941
2.396276 9.039215 6.682038
4.334983 4.887167 8.038547
3.845493 2.027117 2.568530
2.036713 1.758609 0.169727
6.080556 3.302621 4.082792
4.176795 5.756515 4.075173
7.912017 0.288725 6.618010
5.656283 2.420328 1.815318
9.332642 8.147514 7.140344
9.237237 5.914080 6.851709
5.602283 2.540457 3.116070
3.036930 2.567241 0.569161
6.717665 9.849688 0.715246
5.845401 7.913419 0.237747
6.089470 8.261697 4.282603
7.351693 6.487366 5.589569
5.776223 4.572600 2.321451
8.685438 4.259032 1.344596
3.865259 6.682946 2.056434
0.726746 0.098077 3.387455
1.130828 2.411042 8.752936
3.405529 9.569024 3.840432
6.973762 7.501954 3.828799
1.952380 5.371191 6.697744
6.597124 4.807450 10.196104
7.505070 4.549310 7.308533
5.131735 5.642944 9.721814
0.629196 7.949343 2.666613
0.516145 0.612060 7.237322
9.901720 5.287128 4.669056
3.630048 4.601852 8.668785
4.883163 2.499083 7.546237
9.830460 8.420930 0.805613
4.204074 7.478310 9.353906
9.340127 4.615999 1.519998
4.947901 9.422614 6.789039
7.397350 4.012110 8.631270
4.586223 7.629300 10.071040
7.735391 4.159979 0.538368
6.757245 5.137589 10.184176
9.529409 9.528463 0.822289
8.276317 8.168021 4.806508
1.597338 4.343709 6.323930
1.433145 5.201507 5.738049
4.307010 2.200078 7.461177
8.590871 2.714849 2.284628
0.887038 1.732447 5.381846
4.535205 5.967984 3.719326
8.882476 8.756663 3.801780
8.590349 7.558231 5.042873
4.940340 5.588041 6.919771
1.299174 7.420542 6.711629
5.266646 3.236823 7.950855
6.818650 2.992466 3.540165
8.642161 6.751803 0.334355
5.903677 5.802783 2.988061
4.484396 2.721537 7.117192
5.383398 8.841689 9.647643
9.191805 1.164445 5.420388
0.450233 1.771178 5.440270
1.503822 3.489721 7.775963
8.761165 8.207063 1.886097
5.217091 1.266949 8.798627
7.783708 8.157996 7.145602
4.481859 6.627496 7.566750
9.931554 8.607218 6.557389
1.802118 8.629609 3.864213
2.954842 0.359643 0.003985
5.200331 0.546508 4.435497
0.465093 8.753009 4.208307
6.083421 1.823166 2.920527
3.739441 7.504879 2.404548
3.092361 4.993786 5.164286
3.100604 7.353293 0.496234
0.399820 0.920078 0.312451
4.082170 6.764737 5.967802
2.537551 4.130740 0.691293
5.267267 8.856054 2.009141
3.093491 2.123890 5.691768
3.153522 8.500739 7.345880
1.398100 0.628530 8.205773
4.729899 7.789088 4.191610
1.596900 10.173488 4.155752
2.828088 4.476421 4.356930
4.427180 7.487783 8.529279
8.631743 5.248563 6.374673
3.892410 8.821360 4.313191
8.561835 9.744811 6.687930
8.149068 3.538865 0.515805
4.427819 8.402316 3.899371
3.089606 7.245926 3.355152
6.501181 4.495697 9.658619
1.669631 9.059318 4.386454
5.665320 2.553305 0.589675
0.378721 7.477077 2.850869
8.907799 8.873278 8.157309
4.863120 8.201902 0.720061
2.834698 1.958249 0.357048
10.123707 6.048234 3.341015
10.018029 9.850979 4.804674
5.831025 5.047322 5.116719
1.812852 5.146361 2.778106
1.404635 4.896628 0.283341
4.223208 6.976579 4.564125
5.179795 4.398662 8.814195
1.835093 3.199011 5.403918
10.125163 1.930177 1.838415
0.927209 8.138309 3.596952
0.287944 3.754233 2.650297
2.115389 4.790925 7.263494
7.923624 5.873097 1.165484
9.295653 4.057339 8.962532
4.699406 1.934910 6.673844
1.746730 4.342754 5.731403
2.172761 2.592008 0.592545
3.449310 9.721406 2.052933
6.690400 2.736883 5.464892
3.171642 9.480219 4.316991
2.824282 9.069514 10.153401
9.329165 6.788898 1.194922
9.172815 7.047057 0.448458
4.569653 5.355530 1.280942
1.083493 3.282247 4.600195
9.594094 7.062883 0.685944
6.041985 4.788638 2.671718
5.727037 1.169023 7.778530
2.506285 1.439096 9.417454
5.489908 2.981803 6.331346
0.877219 9.559391 6.643235
3.018008 6.072984 1.769339
6.731831 2.741128 9.844792
5.319835 5.755783 4.816737
7.166438 2.381265 5.236059
0.903893 6.152237 4.800327
3.175327 9.611580 6.691647
3.832797 3.072013 2.779605
9.792154 1.362783 7.188636
6.266654 4.367174 7.126950
0.059977 3.947064 7.693667
7.688782 2.505423 2.715531
4.124965 7.460594 3.263672
7.014212 0.425035 6.238374
6.074350 4.179645 1.732502
9.060948 8.394341 5.478455
0.699764 7.366406 2.625117
9.925507 7.489363 6.299631
6.006387 5.878124 5.453138
7.212925 1.087450 6.854354
0.505251 2.651482 2.453169
1.819689 8.960985 8.431360
0.624781 8.814171 9.470804
2.751644 2.510375 4.675520
5.891885 2.033268 4.461721
9.624788 9.198060 4.378003
5.597968 0.081491 7.020864
1.086627 0.714115 1.217430
6.164636 7.266292 9.709054
7.351472 7.491301 6.018486
9.193059 6.389976 3.455254
3.423187 1.065799 0.599177
4.329518 7.636879 0.927156
7.997276 5.583244 5.847274
5.140020 5.221939 6.535031
9.976822 1.502318 2.504962
5.989060 4.616805 6.733758
9.622851 6.938131 5.413244
5.131950 8.153575 3.731906
1.536836 6.554157 4.287940
0.896159 4.225143 0.942724
8.288086 0.447219 0.751733
8.260889 0.944206 5.077213
8.484507 1.532039 9.561612
8.652378 3.989387 7.456682
8.411261 6.870300 9.403089
7.837296 1.399840 0.456658
8.501551 0.120711 2.346695
1.753821 3.592669 4.129514
10.038580 4.369636 0.712298
3.010299 7.171310 5.189931
7.215345 0.456471 4.778264
4.291507 0.317679 8.784283
9.119102 6.073290 0.388815
5.249942 5.090995 2.448873
1.512606 4.027098 4.907573
6.466555 8.123550 6.069366
3.406425 0.037442 1.560841
2.214019 7.861476 5.279781
4.866060 2.558383 2.554905
8.928480 1.435777 4.095783
9.920886 8.326133 4.484981
4.632242 9.696673 0.913672
1.823387 8.276765 0.604804
9.307549 4.443702 1.853536
0.564476 3.998047 7.591690
7.586869 2.408257 4.434980
6.771921 5.806615 6.646948
7.011718 10.185520 9.269527
8.787887 0.586787 6.251603
2.721990 4.274688 1.698475
9.316276 2.536104 5.865573
5.271522 7.347627 8.909804
5.909956 2.594374 0.123147
2.862364 6.367258 5.853514
4.828611 9.214635 2.270767
6.749675 3.674362 1.094706
1.982813 0.477819 0.389278
4.528074 4.351925 4.778303
7.501879 8.662569 2.247796
1.093068 8.001980 1.733920
0.488176 8.488154 4.126910
1.857704 2.124684 7.702521
10.089268 2.882406 1.357570
3.699785 6.799523 6.914870
2.939091 4.486088 3.820949
6.035536 8.849063 4.819140
4.234107 1.700590 5.103804
5.905296 6.849427 0.063425
6.053447 4.359926 6.277523
0.604773 0.891646 6.314822
1.632959 8.272757 10.110155
8.243045 6.344276 9.461608
6.512137 0.757595 5.319502
7.708758 0.945496 5.472754
9.102523 9.270470 9.791898
8.117661 6.214179 6.936438
8.215881 5.422269 6.808127
3.687314 0.536993 2.698715
0.636561 6.007704 4.971652
0.209466 0.711927 6.130627
4.416206 1.112923 7.544828
8.290010 1.984832 8.443824
9.735875 1.441957 0.830469
1.237994 8.892258 1.416457
6.070105 9.471853 6.255387
5.752141 8.771428 2.770368
5.795159 7.049954 2.835130
8.487100 7.649255 7.058990
7.682055 0.155041 7.187728
8.108243 5.374593 2.467211
5.446459 5.178167 2.662130
0.470548 6.198754 0.051506
5.666041 0.946268 7.540306
3.696576 4.325437 8.317796
10.156823 4.537034 0.355458
1.297120 4.353334 0.370735
0.628141 7.387201 9.951623
5.934298 4.155130 6.776466
2.862151 6.888678 7.260899
2.489331 4.880861 3.512768
